3.418873310089111328e+00
5.642025470733642578e+00
3.654170989990234375e+00
-2.884091615676879883e+00
-1.886679291725158691e+00
-1.332266449928283691e+00
-8.899027705192565918e-01
-4.662441909313201904e-01
7.338049888610839844e+00
-1.206369757652282715e+00
-1.804134130477905273e+00
-9.043114185333251953e-01
-1.425539255142211914e+00
3.681601285934448242e+00
-1.090132892131805420e-01
-1.972793698310852051e+00
2.155417442321777344e+00
-1.588323473930358887e+00
-9.187101721763610840e-01
-9.978183507919311523e-01
