3.627471923828125000e-01 3.068806409835815430e+00 -6.076593399047851562e-01 -8.812860250473022461e-01 -3.864693939685821533e-01 -8.022722005844116211e-01 -1.651954352855682373e-01 1.216958045959472656e+00 1.167742848396301270e+00 8.137453198432922363e-01 1.884871423244476318e-01 -9.958394765853881836e-01 2.363360643386840820e+00 3.366633653640747070e-01 1.289770007133483887e+00 -1.661258459091186523e+00
-2.142133861780166626e-01 -2.275415182113647461e+00 1.291993409395217896e-01 7.413256764411926270e-01 -1.555279493331909180e+00 -1.583275556564331055e+00 -2.962097823619842529e-01 -4.238283932209014893e-01 -1.170520424842834473e+00 -8.832860589027404785e-01 -4.198746085166931152e-01 3.875906765460968018e-01 -1.400898933410644531e+00 -1.082552224397659302e-01 1.073604583740234375e+00 1.346511840820312500e+00
-9.676829725503921509e-02 -7.293934226036071777e-01 1.639631271362304688e+00 -1.045220851898193359e+00 -3.930310606956481934e-01 2.186419218778610229e-01 -1.286874890327453613e+00 -9.522463679313659668e-01 3.421317338943481445e-01 4.185352101922035217e-02 4.514891505241394043e-01 5.818129181861877441e-01 -1.960824370384216309e+00 -9.803135991096496582e-01 3.250586688518524170e-01 3.033909201622009277e-01
2.374945163726806641e+00 1.095969319343566895e+00 5.228591561317443848e-01 3.123707175254821777e-01 -8.962257504463195801e-01 1.748787164688110352e+00 -7.408209443092346191e-01 -1.250999450683593750e+00 1.359335184097290039e+00 -1.242515087127685547e+00 1.897665619850158691e+00 8.020087480545043945e-01 -1.347155690193176270e+00 -1.418100953102111816e+00 1.123979330062866211e+00 -1.490138322114944458e-01
7.619821429252624512e-01 2.069157123565673828e+00 -4.585290253162384033e-01 -2.787989079952239990e-01 -1.561861515045166016e+00 6.274316906929016113e-01 -5.827463269233703613e-01 1.208837509155273438e+00 1.083937525749206543e+00 6.986531019210815430e-01 1.062351942062377930e+00 1.811242222785949707e+00 1.461536645889282227e+00 1.601130217313766479e-01 3.203146219253540039e+00 3.574174344539642334e-01
1.341588616371154785e+00 -3.353634178638458252e-01 -4.151932299137115479e-01 -1.015426635742187500e+00 6.343439221382141113e-01 7.866043448448181152e-01 -8.355219960212707520e-01 8.179392814636230469e-01 -1.081075906753540039e+00 3.897383809089660645e-01 6.798343062400817871e-01 2.272175550460815430e+00 1.926138401031494141e-01 7.344815135002136230e-01 9.751943945884704590e-01 -8.307927250862121582e-01
6.609790325164794922e-01 -2.395654618740081787e-01 4.110333621501922607e-01 -5.065108649432659149e-03 1.074168086051940918e+00 1.352587044239044189e-01 2.544384896755218506e-01 4.382572770118713379e-01 -4.405252635478973389e-01 -2.072781771421432495e-01 1.406047582626342773e+00 2.169025421142578125e+00 1.717831611633300781e+00 -1.005966782569885254e+00 5.557885169982910156e-01 -6.361349821090698242e-01
9.631846547126770020e-01 7.133324146270751953e-01 -1.792352646589279175e-01 9.411640763282775879e-01 -5.173281431198120117e-01 -8.425222635269165039e-01 -1.965338289737701416e-01 -6.624925136566162109e-01 1.038575530052185059e+00 9.894291758537292480e-01 -4.023831784725189209e-01 1.332103013992309570e+00 -5.844825878739356995e-02 1.774446249008178711e+00 1.532271146774291992e+00 4.365001916885375977e-01
1.377315640449523926e+00 7.961034774780273438e-01 2.013016492128372192e-01 -4.313422441482543945e-01 5.649099946022033691e-01 7.064510136842727661e-02 9.304080158472061157e-02 4.842748492956161499e-02 1.767804622650146484e+00 2.477529342286288738e-04 4.872867465019226074e-01 7.998701930046081543e-01 -2.197761774063110352e+00 -7.449474930763244629e-01 -1.961435563862323761e-02 -2.382523566484451294e-01
-6.824499368667602539e-01 -2.722733914852142334e-01 -4.632208943367004395e-01 2.072796821594238281e+00 7.012117505073547363e-01 7.814827561378479004e-02 5.123273655772209167e-02 7.130656838417053223e-01 3.182500004768371582e-01 8.457807302474975586e-01 -9.742915630340576172e-01 8.333316445350646973e-01 -8.910917043685913086e-01 -8.106376528739929199e-01 2.697672545909881592e-01 7.442686557769775391e-01
-5.593818426132202148e-01 -3.134132027626037598e-01 7.696168422698974609e-01 8.108565807342529297e-01 -5.282453298568725586e-01 -8.150275945663452148e-01 1.825496912002563477e+00 3.001342296600341797e+00 -1.012704968452453613e+00 5.043503642082214355e-01 2.324565052986145020e-01 -2.012271136045455933e-01 1.356184840202331543e+00 1.417579889297485352e+00 7.406241893768310547e-01 -3.080818057060241699e-01
5.237860083580017090e-01 -5.889877080917358398e-01 -4.681023359298706055e-01 -1.019436717033386230e+00 -6.212621331214904785e-01 -4.801289737224578857e-01 -1.218834877014160156e+00 1.028787016868591309e+00 1.008984804153442383e+00 1.590848416090011597e-01 -9.007941484451293945e-01 8.002987504005432129e-01 1.815187454223632812e+00 -1.500478744506835938e+00 8.325999379158020020e-01 4.837887585163116455e-01
-7.690389752388000488e-01 -1.173284769058227539e+00 -1.827851086854934692e-01 -8.750420212745666504e-01 -2.155741155147552490e-01 -6.924808025360107422e-01 1.655704498291015625e+00 8.240512609481811523e-01 -2.042912878096103668e-02 2.518727183341979980e-01 -3.548243641853332520e-01 -6.724655628204345703e-02 3.715456724166870117e-01 8.053587079048156738e-01 1.192559003829956055e+00 2.237607240676879883e+00
-7.028369903564453125e-01 7.220685482025146484e-01 -1.636747717857360840e+00 7.548996210098266602e-01 -5.254731178283691406e-01 -9.937764406204223633e-01 1.013842225074768066e+00 -3.120127916336059570e-01 6.969231367111206055e-01 8.725081086158752441e-01 3.373259902000427246e-01 3.116631507873535156e-01 7.877653241157531738e-01 9.746363759040832520e-01 5.493984743952751160e-02 1.873645901679992676e+00
6.893841028213500977e-01 5.234324932098388672e-01 1.182646036148071289e+00 9.227441549301147461e-01 4.859965443611145020e-01 -2.263950705528259277e-01 -1.164856433868408203e+00 -1.724908113479614258e+00 6.903879046440124512e-01 -2.775439247488975525e-02 1.211100816726684570e+00 1.196943402290344238e+00 8.681714534759521484e-01 1.179488658905029297e+00 1.447551846504211426e+00 3.021475076675415039e-01
-1.810319662094116211e+00 3.231064677238464355e-01 9.595187902450561523e-01 1.124198913574218750e+00 9.026838839054107666e-02 -6.298602819442749023e-01 1.536527037620544434e+00 8.096122741699218750e-01 1.781174093484878540e-01 -7.839089632034301758e-01 -7.171654701232910156e-01 6.364961862564086914e-01 1.296626210212707520e+00 -7.711270451545715332e-01 1.026515245437622070e+00 3.364293873310089111e-01
2.499138712882995605e-01 -1.408278465270996094e+00 5.965385437011718750e-01 8.616154640913009644e-02 2.353464066982269287e-01 -3.413856625556945801e-01 1.308455467224121094e+00 1.729684919118881226e-01 -7.039865851402282715e-01 -2.970640063285827637e-01 3.402417898178100586e-01 4.505040347576141357e-01 8.835296630859375000e-01 -1.023920625448226929e-01 1.053570151329040527e+00 3.919213294982910156e+00
-9.456661343574523926e-01 -7.868894934654235840e-01 3.649445176124572754e-01 -1.658817082643508911e-01 -1.600245356559753418e+00 -2.317396402359008789e-01 9.020175337791442871e-01 -5.520453453063964844e-01 -1.875051259994506836e-01 -7.218912243843078613e-01 -3.356111347675323486e-01 3.219678401947021484e-01 6.408341526985168457e-01 1.123748198151588440e-01 7.491266131401062012e-01 1.267944097518920898e+00
4.950429201126098633e-01 5.580856651067733765e-02 7.995820641517639160e-01 4.757142066955566406e-02 1.217099666595458984e+00 7.808610200881958008e-01 -4.117956459522247314e-01 8.946121335029602051e-01 5.578190684318542480e-01 2.057188034057617188e+00 1.689635276794433594e+00 1.268519878387451172e+00 -6.905105710029602051e-02 1.223653316497802734e+00 1.948735594749450684e+00 6.586476564407348633e-01
-3.891440033912658691e-01 -2.785856127738952637e-01 1.328567266464233398e+00 4.787406027317047119e-01 1.207678914070129395e+00 4.555606245994567871e-01 2.152808308601379395e-01 1.695807576179504395e+00 6.538232564926147461e-01 -3.963775634765625000e-01 1.828495621681213379e+00 -4.141850769519805908e-01 -1.196728467941284180e+00 1.742765545845031738e+00 5.099745988845825195e-01 7.520564198493957520e-01
