1.591068863868713379e+00 -2.091690748929977417e-01
3.094840049743652344e-01 5.267302393913269043e-01
-1.133689284324645996e+00 1.549460530281066895e+00
1.046106815338134766e+00 2.166455030441284180e+00
-6.172059178352355957e-01 1.079955175518989563e-01
3.243362665176391602e+00 7.107875943183898926e-01
5.592906847596168518e-03 4.401155710220336914e-01
-1.082352161407470703e+00 -1.986209899187088013e-01
2.844743728637695312e-01 -3.797673583030700684e-01
6.646943092346191406e-01 1.129303574562072754e+00
-4.251088201999664307e-02 -3.898794353008270264e-01
-3.340075314044952393e-01 -3.027738928794860840e-01
-1.008147001266479492e+00 3.486377000808715820e-01
-1.934283375740051270e-01 4.631543159484863281e-01
2.140335142612457275e-01 -5.502934455871582031e-01
3.235246241092681885e-01 -1.059240400791168213e-01
